73
71
71
71
71
72
72
72
73
73
74
73
73
73
74
73
75
75
74
75
76
76
76
76
76
77
77
77
78
78
78
80
78
79
79
80
80
79
80
81
80
81
80
82
82
82
82
81
83
82
84
83
84
84
85
85
85
85
85
86
84
85
85
86
86
84
85
85
86
85
85
85
84
84
85
84
83
83
83
83
82
83
83
81
81
81
79
80
79
79
78
78
77
78
77
77
76
76
76
76
74
74
75
74
73
74
72
73
72
72
73
72
72
71
71
72
71
70
71
70
70
70
71
69
71
69
71
70
70
70
70
70
71
71
71
71
71
73
72
72
72
73
73
74
74
74
74
76
76
77
76
76
77
78
78
79
79
80
79
81
82
83
83
82
84
84
85
86
86
87
87
88
88
89
89
89
89
91
90
90
90
91
90
90
91
90
92
91
90
91
91
91
90
91
90
89
89
89
88
88
87
86
86
85
84
84
83
82
81
80
79
78
76
76
74
72
71
70
67
66
64
63
61
60
58
56
54
53
49
48
46
43
42
39
37
35
32
30
28
24
24
20
18
16
12
12
8
4
4
0
0
0
-4
-4
-8
-12
-12
-16
-18
-20
-24
-24
-28
-30
-32
-35
-37
-39
-42
-43
-46
-48
-49
-53
-54
-56
-58
-60
-61
-63
-64
-66
-67
-70
-71
-72
-74
-76
-76
-78
-79
-80
-81
-82
-83
-84
-84
-85
-86
-86
-86
-88
-88
-89
-89
-89
-90
-91
-90
-91
-91
-91
-90
-91
-92
-90
-91
-90
-90
-91
-90
-90
-90
-91
-89
-89
-89
-89
-88
-88
-87
-87
-86
-86
-85
-84
-84
-82
-83
-83
-82
-81
-79
-80
-79
-79
-78
-78
-77
-76
-76
-77
-76
-76
-74
-74
-74
-74
-73
-73
-72
-72
-72
-73
-71
-71
-71
-71
-71
-70
-70
-70
-70
-70
-71
-69
-71
-69
-71
-70
-70
-70
-71
-70
-71
-72
-71
-71
-72
-72
-73
-72
-72
-73
-72
-74
-73
-74
-75
-74
-75
-76
-76
-76
-76
-77
-77
-78
-77
-78
-78
-79
-79
-80
-79
-81
-81
-81
-83
-83
-82
-83
-83
-83
-83
-84
-85
-84
-84
-85
-85
-85
-86
-85
-85
-84
-86
-86
-85
-85
-84
-86
-85
-85
-85
-85
-85
-84
-84
-83
-84
-82
-83
-81
-82
-82
-82
-82
-80
-81
-80
-81
-80
-79
-80
-80
-79
-79
-78
-80
-78
-78
-78
-77
-77
-77
-76
-76
-76
-76
-76
-75
-74
-75
-75
-73
-74
-73
-73
-73
-74
-73
-73
-72
-72
-72
-71
-71
-71
-71
-72
-71
-71
-71
-71
-72
-72
-72
-73
-73
-74
-73
-73
-73
-74
-73
-75
-75
-74
-75
-76
-76
-76
-76
-76
-77
-77
-77
-78
-78
-78
-80
-78
-79
-79
-80
-80
-79
-80
-81
-80
-81
-80
-82
-82
-82
-82
-81
-83
-82
-84
-83
-84
-84
-85
-85
-85
-85
-85
-86
-84
-85
-85
-86
-86
-84
-85
-85
-86
-85
-85
-85
-84
-84
-85
-84
-83
-83
-83
-83
-82
-83
-83
-81
-81
-81
-79
-80
-79
-79
-78
-78
-77
-78
-77
-77
-76
-76
-76
-76
-75
-74
-75
-74
-73
-74
-72
-73
-72
-72
-73
-72
-72
-71
-71
-72
-71
-70
-71
-70
-70
-70
-71
-69
-71
-69
-71
-70
-70
-70
-70
-70
-71
-71
-71
-71
-71
-73
-72
-72
-72
-73
-73
-74
-74
-74
-74
-76
-76
-77
-76
-76
-77
-78
-78
-79
-79
-80
-79
-81
-82
-83
-83
-82
-84
-84
-85
-86
-86
-87
-87
-88
-88
-89
-89
-89
-89
-91
-90
-90
-90
-91
-90
-90
-91
-90
-92
-91
-90
-91
-91
-91
-90
-91
-90
-89
-89
-89
-88
-88
-86
-86
-86
-85
-84
-84
-83
-82
-81
-80
-79
-78
-76
-76
-74
-72
-71
-70
-67
-66
-64
-63
-61
-60
-58
-56
-54
-53
-49
-48
-46
-43
-42
-39
-37
-35
-32
-30
-28
-24
-24
-20
-18
-16
-12
-12
-8
-4
-4
0
0
0
4
4
8
12
12
16
18
20
24
24
28
30
32
35
37
39
42
43
46
48
49
53
54
56
58
60
61
63
64
66
67
70
71
72
74
76
76
78
79
80
81
82
83
84
84
85
86
86
86
88
88
89
89
89
90
91
90
91
91
91
90
91
92
90
91
90
90
91
90
90
90
91
89
89
89
89
88
88
87
87
86
86
85
84
84
82
83
83
82
81
79
80
79
79
78
78
77
76
76
77
76
76
74
74
74
74
73
73
72
72
72
73
71
71
71
71
71
70
70
70
70
70
71
69
71
69
71
70
70
70
71
70
71
72
71
71
72
72
73
72
72
73
72
74
73
74
75
74
75
76
76
76
76
77
77
78
77
78
78
79
79
80
79
81
81
81
83
83
82
83
83
83
83
84
85
84
84
85
85
85
86
85
85
84
86
86
85
85
84
86
85
85
85
85
85
84
84
83
84
82
83
81
82
82
82
82
80
81
80
81
80
79
80
80
79
79
78
80
78
78
78
77
77
77
76
76
76
76
76
75
74
75
75
73
74
73
73
73
74
73
73
72
72
72
71
71
71
71
